// Breakout
// Criação:	09 Jun 2019
// Atualização:	09 Jun 2019
// Descrição:   Nível 1 (Walls)
//
// Informações dos bricks:
// value color(0-9) state(0-1) posX posY
// No campo value, caso final seja 0, aumenta o tamanho do player
// Final 1, deixa tudo escuro e final 2 é os projéteis
// que diminui o tamanho do player

//Azuis esquerdo
10 0 0 106 100
10 0 0 174 123
10 8 0 242 146
10 0 0 310 169
10 0 0 378 192

10 0 0 446 215
10 0 0 446 240

10 0 0 378 263
10 0 0 310 286
12 8 0 242 309
10 0 0 174 332
10 0 0 106 355

//Azuis direito
10 0 0 856 100
10 0 0 788 123
11 8 0 720 146
10 0 0 652 169
10 0 0 584 192

10 0 0 516 215
10 0 0 516 240

10 0 0 584 263
10 0 0 652 286
10 8 0 720 309
10 0 0 788 332
10 0 0 856 355

//Vermelho esquerdo
10 3 0 242 100
10 3 0 310 123
10 3 0 378 146

10 3 0 446 169
10 3 0 446 286

10 3 0 378 309
10 3 0 310 332
10 3 0 242 355


//Vermelho direito
10 3 0 720 100
10 3 0 652 123
10 3 0 584 146

10 3 0 516 169
10 3 0 516 286

10 3 0 584 309
10 3 0 652 332
10 3 0 720 355

//Roxo cima
10 2 0 378 100

10 2 0 446 123
10 2 0 516 123

10 2 0 584 100

//Roxo baixo
10 2 0 584 355

10 2 0 446 332
10 2 0 516 332

10 2 0 378 355


//Vermelho esquerdo
10 3 0 106 146
10 3 0 174 169
10 3 0 242 192

10 3 0 310 215
10 3 0 310 240

10 3 0 242 263
10 3 0 174 286
10 3 0 106 309


//Vermelho direito
10 3 0 856 146
10 3 0 788 169
10 3 0 720 192

10 3 0 652 215
10 3 0 652 240

10 3 0 720 263
10 3 0 788 286
10 3 0 856 309


//Roxo esquerdo
10 2 0 106 192

10 2 0 174 215
10 2 0 174 240

10 2 0 106 263


//Roxo direito
10 2 0 856 192

10 2 0 788 215
10 2 0 788 240

10 2 0 856 263