// Breakout
// Criação:	09 Jun 2019
// Atualização:	09 Jun 2019
// Descrição:   Nível 1 (Walls)
//
// Informações dos bricks:
// value color(0-9) state(0-1) posX posY
// No campo value, caso final seja 0, aumenta o tamanho do player
// Final 1, deixa tudo escuro e final 2 é os projéteis
// que diminui o tamanho do player

//Amarelo  1ª linha
10 6 0 72 400
10 6 0 140 400
10 6 0 208 400
10 6 0 276 400
10 6 0 344 400
10 6 0 412 400
10 6 0 480 400
10 6 0 548 400
10 6 0 616 400
10 6 0 684 400
10 6 0 752 400
10 6 0 820 400
10 6 0 888 400

//azul  2ª linha
10 6 0 105 377
10 0 0 173 377
10 0 0 241 377
10 0 0 309 377
10 0 0 377 377
10 0 0 445 377
10 0 0 513 377
10 0 0 581 377
10 0 0 649 377
10 0 0 717 377
10 0 0 785 377
10 6 0 853 377

//azul  3ª linha
10 6 0 138 354
11 8 0 206 354
10 0 0 274 354
10 0 0 342 354
10 0 0 410 354
10 8 0 478 354
10 0 0 546 354
10 0 0 614 354
10 0 0 682 354
12 8 0 750 354
10 6 0 818 354

//Amarelo  4ª linha
10 6 0 171 331
10 6 0 239 331
10 6 0 307 331
10 6 0 375 331
10 6 0 443 331
10 6 0 511 331
10 6 0 579 331
10 6 0 647 331
10 6 0 715 331
10 6 0 783 331

//Azul claro  5ª linha
10 6 0 204 308
10 5 0 272 308
10 5 0 340 308
10 5 0 408 308
10 5 0 476 308
10 5 0 544 308
10 5 0 612 308
10 5 0 680 308
10 6 0 748 308

//Azul claro  6ª linha
10 6 0 237 285
10 5 0 305 285
10 5 0 373 285
10 5 0 441 285
10 5 0 509 285
10 5 0 577 285
10 5 0 645 285
10 6 0 713 285

//Azul claro claro  7ª linha
10 6 0 270 262
10 5 0 338 262
10 5 0 406 262
10 8 0 474 262
10 5 0 542 262
10 5 0 610 262
10 6 0 678 262

//Amarelo claro  8ª linha
10 6 0 303 239
10 6 0 371 239
10 6 0 439 239
10 6 0 507 239
10 6 0 575 239
10 6 0 643 239

//Amarelo claro  9ª linha
10 6 0 336 216
10 4 0 404 216
10 4 0 472 216
10 4 0 540 216
10 6 0 608 216

//Amarelo claro  10ª linha
10 6 0 369 193
10 4 0 437 193
10 4 0 505 193
10 6 0 573 193

//Amarelo claro  11ª linha
10 6 0 402 170
10 4 0 470 170
10 6 0 538 170

//Amarelo claro  11ª linha
10 6 0 435 147
10 6 0 503 147

//Amarelo claro  12ª linha
10 6 0 468 124



