// Trio
// Criação:	09 Jun 2019
// Atualização:	09 Jun 2019
// Descrição:   Nível 2 (Walls)
// 3072 * 2448  /  1536 -> 1224
// 48   96   144  192 240  288  336  384  432  480  528  576  624  672  720
// 768  816  864  912 960  1008 1056 1104 1152 1200 1248 1296 1344 1392 1440
// 1488 1536
//
// 
// Informações dos walls:
// width height posX posY tipo (1 - muro, 2 - piso, 3 - rampa, 4 - escada)

//1ª fileiras muros
3072 48    -1536 -1224 2  1
48   2352  -1536 -1176 1  2
48   480   -864  -1176 1  3
36   20    -858  -714  2 -3
48   240   -816  -1176 1  4
48   480   -240  -1176 1  5
36   20    -234  -714  2 -5
48   432    624  -1176 1  6
36   20     630  -762  2 -6
48   624   1488 -1176 1  7

//2ª fileiras muros
48   192    624  -456  1  12
48   192    1248 -456  1  13
48   528    1392 -504  1  14

//3ª fileiras muros
96   430   -1488 -216  1  15
48   430   -1200 -216  1  16
48   192    48   -216  1  17
48   192    1152  24   1  19
48   384    1296  24   1  20
48   192   -48   -456  1  -20 

//4ª fileiras muros
48   240   -528   168  1  23

//5ª fileiras muros
48   280   -864   412  1  24
48   240   -624   456  1  25
//6ª fileiras muros
48   48    -1248  696  1  27
40   20    -1244  728  2 -27
48   432   -528   696  1  29

//7ª fileiras muros
48   48    -864   934  1  32
48   192   -96    744  1  33
48   48     144   648  1  34
48   120    576   624  1  35
48   96     1248  984  1  37
48   192   -96    216  1  72

//pisos
2784 96    -1488 -552  2  39
96   48     1392 -552  2  40
144  48    -768  -984  2  41
288  48    -528  -984  2  42
384  48    -192  -984  2  43
336  48     288  -984  2  44
144  48    -1488 -264  2  45
1440 48    -1248 -264  2  46
668  288   -1488  408  2  50
192  48    -720   408  2  52
96   48    -1488  888  2  53
768  48    -1296  888  2  54
960  48    -1488  1128 2  56
1344 48    -48    408  2  58
96   48     1296 -24   2  59
1344 48    -48    936  2  60
672  48     624  -264  2  68
1104 48     96   -24   2  69
96   48     288  -264  2  71
240  48    -48    168  2  73
576  48     576   168  2  74
668  48    -1196  168  2  75
92   48    -1488  168  2  76

//escadas
16   432   -584  -984  4  62
16   432    232  -984  4  63
16   672   -1304 -264  4  64
16   480   -776   408  4  65
16   240   -1352  888  4  66
16   432    1242 -24   4  67
16   528    1338 -552  4  68
16   240    232  -264  4  70


