// Breakout
// Criação:	09 Jun 2019
// Atualização:	09 Jun 2019
// Descrição:   Nível 1 (Walls)
// 48  96  144 192 240  288  336  384  432  480  528  576  624  672  720
// 768 816 864 912 960  1008 1056 1104 1152 1200 1248 1296 1344 1392 1440 
// Informações dos walls:
// width height posX posY tipo (1 - muro, 2 - piso, 3 - rampa, 4 - escada)

// muros/pisos
48   1440  -772  -720  1  1
264  48    -720   576  2  2
24   36    -476   582  1 -2
24   36    -316   582  1 -5
264  48    -312   576  2  5
48   480   -48    144  1  6
480  48    -48    96   2  7
48   192    432  -96   1  8
480  96     192  -192  2  9
48   528    672  -720  1  10
1392 48    -720  -720  2  11
48   336    288  -672  1  12
36   24     294  -357  2  13
48   480   -48   -672  1  14
432  96    -336  -192  2  15
48   48    -240  -96   1  16
36   24    -234  -68   2  17
288  96    -720  -192  2  18
144  48    -720  -384  2  19
24   36    -596  -378  1  20
576  48    -720   96   2  21



//48 20 570 -520 2


// escadas
16   480   -104   96   4  22
16   288    136  -192  4  23
16   288   -392  -192  4  24